       0  0.0000000000000000  0.0000000000000000  0.0000000000000000
       1  0.6299605369567871  0.6299605369567871  0.6299605369567871
       2  1.2599210739135742  0.0000000000000000  0.0000000000000000
       3  1.8898816108703613  0.6299605369567871  0.6299605369567871
       4  2.5198421478271484  0.0000000000000000  0.0000000000000000
       5  3.1498026847839355  0.6299605369567871  0.6299605369567871
       6  3.7797632217407227  0.0000000000000000  0.0000000000000000
       7  4.4097237586975098  0.6299605369567871  0.6299605369567871
       8 -5.0396842956542969  0.0000000000000000  0.0000000000000000
       9 -4.4097237586975098  0.6299605369567871  0.6299605369567871
      10 -3.7797632217407227  0.0000000000000000  0.0000000000000000
      11 -3.1498026847839355  0.6299605369567871  0.6299605369567871
      12 -2.5198421478271484  0.0000000000000000  0.0000000000000000
      13 -1.8898816108703613  0.6299605369567871  0.6299605369567871
      14 -1.2599210739135742  0.0000000000000000  0.0000000000000000
      15 -0.6299605369567871  0.6299605369567871  0.6299605369567871
      16  0.0000000000000000  1.2599210739135742  0.0000000000000000
      17  0.6299605369567871  1.8898816108703613  0.6299605369567871
      18  1.2599210739135742  1.2599210739135742  0.0000000000000000
      19  1.8898816108703613  1.8898816108703613  0.6299605369567871
      20  2.5198421478271484  1.2599210739135742  0.0000000000000000
      21  3.1498026847839355  1.8898816108703613  0.6299605369567871
      22  3.7797632217407227  1.2599210739135742  0.0000000000000000
      23  4.4097237586975098  1.8898816108703613  0.6299605369567871
      24 -5.0396842956542969  1.2599210739135742  0.0000000000000000
      25 -4.4097237586975098  1.8898816108703613  0.6299605369567871
      26 -3.7797632217407227  1.2599210739135742  0.0000000000000000
      27 -3.1498026847839355  1.8898816108703613  0.6299605369567871
      28 -2.5198421478271484  1.2599210739135742  0.0000000000000000
      29 -1.8898816108703613  1.8898816108703613  0.6299605369567871
      30 -1.2599210739135742  1.2599210739135742  0.0000000000000000
      31 -0.6299605369567871  1.8898816108703613  0.6299605369567871
      32  0.0000000000000000  2.5198421478271484  0.0000000000000000
      33  0.6299605369567871  3.1498026847839355  0.6299605369567871
      34  1.2599210739135742  2.5198421478271484  0.0000000000000000
      35  1.8898816108703613  3.1498026847839355  0.6299605369567871
      36  2.5198421478271484  2.5198421478271484  0.0000000000000000
      37  3.1498026847839355  3.1498026847839355  0.6299605369567871
      38  3.7797632217407227  2.5198421478271484  0.0000000000000000
      39  4.4097237586975098  3.1498026847839355  0.6299605369567871
      40 -5.0396842956542969  2.5198421478271484  0.0000000000000000
      41 -4.4097237586975098  3.1498026847839355  0.6299605369567871
      42 -3.7797632217407227  2.5198421478271484  0.0000000000000000
      43 -3.1498026847839355  3.1498026847839355  0.6299605369567871
      44 -2.5198421478271484  2.5198421478271484  0.0000000000000000
      45 -1.8898816108703613  3.1498026847839355  0.6299605369567871
      46 -1.2599210739135742  2.5198421478271484  0.0000000000000000
      47 -0.6299605369567871  3.1498026847839355  0.6299605369567871
      48  0.0000000000000000  3.7797632217407227  0.0000000000000000
      49  0.6299605369567871  4.4097237586975098  0.6299605369567871
      50  1.2599210739135742  3.7797632217407227  0.0000000000000000
      51  1.8898816108703613  4.4097237586975098  0.6299605369567871
      52  2.5198421478271484  3.7797632217407227  0.0000000000000000
      53  3.1498026847839355  4.4097237586975098  0.6299605369567871
      54  3.7797632217407227  3.7797632217407227  0.0000000000000000
      55  4.4097237586975098  4.4097237586975098  0.6299605369567871
      56 -5.0396842956542969  3.7797632217407227  0.0000000000000000
      57 -4.4097237586975098  4.4097237586975098  0.6299605369567871
      58 -3.7797632217407227  3.7797632217407227  0.0000000000000000
      59 -3.1498026847839355  4.4097237586975098  0.6299605369567871
      60 -2.5198421478271484  3.7797632217407227  0.0000000000000000
      61 -1.8898816108703613  4.4097237586975098  0.6299605369567871
      62 -1.2599210739135742  3.7797632217407227  0.0000000000000000
      63 -0.6299605369567871  4.4097237586975098  0.6299605369567871
      64  0.0000000000000000 -5.0396842956542969  0.0000000000000000
      65  0.6299605369567871 -4.4097237586975098  0.6299605369567871
      66  1.2599210739135742 -5.0396842956542969  0.0000000000000000
      67  1.8898816108703613 -4.4097237586975098  0.6299605369567871
      68  2.5198421478271484 -5.0396842956542969  0.0000000000000000
      69  3.1498026847839355 -4.4097237586975098  0.6299605369567871
      70  3.7797632217407227 -5.0396842956542969  0.0000000000000000
      71  4.4097237586975098 -4.4097237586975098  0.6299605369567871
      72 -5.0396842956542969 -5.0396842956542969  0.0000000000000000
      73 -4.4097237586975098 -4.4097237586975098  0.6299605369567871
      74 -3.7797632217407227 -5.0396842956542969  0.0000000000000000
      75 -3.1498026847839355 -4.4097237586975098  0.6299605369567871
      76 -2.5198421478271484 -5.0396842956542969  0.0000000000000000
      77 -1.8898816108703613 -4.4097237586975098  0.6299605369567871
      78 -1.2599210739135742 -5.0396842956542969  0.0000000000000000
      79 -0.6299605369567871 -4.4097237586975098  0.6299605369567871
      80  0.0000000000000000 -3.7797632217407227  0.0000000000000000
      81  0.6299605369567871 -3.1498026847839355  0.6299605369567871
      82  1.2599210739135742 -3.7797632217407227  0.0000000000000000
      83  1.8898816108703613 -3.1498026847839355  0.6299605369567871
      84  2.5198421478271484 -3.7797632217407227  0.0000000000000000
      85  3.1498026847839355 -3.1498026847839355  0.6299605369567871
      86  3.7797632217407227 -3.7797632217407227  0.0000000000000000
      87  4.4097237586975098 -3.1498026847839355  0.6299605369567871
      88 -5.0396842956542969 -3.7797632217407227  0.0000000000000000
      89 -4.4097237586975098 -3.1498026847839355  0.6299605369567871
      90 -3.7797632217407227 -3.7797632217407227  0.0000000000000000
      91 -3.1498026847839355 -3.1498026847839355  0.6299605369567871
      92 -2.5198421478271484 -3.7797632217407227  0.0000000000000000
      93 -1.8898816108703613 -3.1498026847839355  0.6299605369567871
      94 -1.2599210739135742 -3.7797632217407227  0.0000000000000000
      95 -0.6299605369567871 -3.1498026847839355  0.6299605369567871
      96  0.0000000000000000 -2.5198421478271484  0.0000000000000000
      97  0.6299605369567871 -1.8898816108703613  0.6299605369567871
      98  1.2599210739135742 -2.5198421478271484  0.0000000000000000
      99  1.8898816108703613 -1.8898816108703613  0.6299605369567871
     100  2.5198421478271484 -2.5198421478271484  0.0000000000000000
     101  3.1498026847839355 -1.8898816108703613  0.6299605369567871
     102  3.7797632217407227 -2.5198421478271484  0.0000000000000000
     103  4.4097237586975098 -1.8898816108703613  0.6299605369567871
     104 -5.0396842956542969 -2.5198421478271484  0.0000000000000000
     105 -4.4097237586975098 -1.8898816108703613  0.6299605369567871
     106 -3.7797632217407227 -2.5198421478271484  0.0000000000000000
     107 -3.1498026847839355 -1.8898816108703613  0.6299605369567871
     108 -2.5198421478271484 -2.5198421478271484  0.0000000000000000
     109 -1.8898816108703613 -1.8898816108703613  0.6299605369567871
     110 -1.2599210739135742 -2.5198421478271484  0.0000000000000000
     111 -0.6299605369567871 -1.8898816108703613  0.6299605369567871
     112  0.0000000000000000 -1.2599210739135742  0.0000000000000000
     113  0.6299605369567871 -0.6299605369567871  0.6299605369567871
     114  1.2599210739135742 -1.2599210739135742  0.0000000000000000
     115  1.8898816108703613 -0.6299605369567871  0.6299605369567871
     116  2.5198421478271484 -1.2599210739135742  0.0000000000000000
     117  3.1498026847839355 -0.6299605369567871  0.6299605369567871
     118  3.7797632217407227 -1.2599210739135742  0.0000000000000000
     119  4.4097237586975098 -0.6299605369567871  0.6299605369567871
     120 -5.0396842956542969 -1.2599210739135742  0.0000000000000000
     121 -4.4097237586975098 -0.6299605369567871  0.6299605369567871
     122 -3.7797632217407227 -1.2599210739135742  0.0000000000000000
     123 -3.1498026847839355 -0.6299605369567871  0.6299605369567871
     124 -2.5198421478271484 -1.2599210739135742  0.0000000000000000
     125 -1.8898816108703613 -0.6299605369567871  0.6299605369567871
     126 -1.2599210739135742 -1.2599210739135742  0.0000000000000000
     127 -0.6299605369567871 -0.6299605369567871  0.6299605369567871
     128  0.0000000000000000  0.0000000000000000  1.2599210739135742
     129  0.6299605369567871  0.6299605369567871  1.8898816108703613
     130  1.2599210739135742  0.0000000000000000  1.2599210739135742
     131  1.8898816108703613  0.6299605369567871  1.8898816108703613
     132  2.5198421478271484  0.0000000000000000  1.2599210739135742
     133  3.1498026847839355  0.6299605369567871  1.8898816108703613
     134  3.7797632217407227  0.0000000000000000  1.2599210739135742
     135  4.4097237586975098  0.6299605369567871  1.8898816108703613
     136 -5.0396842956542969  0.0000000000000000  1.2599210739135742
     137 -4.4097237586975098  0.6299605369567871  1.8898816108703613
     138 -3.7797632217407227  0.0000000000000000  1.2599210739135742
     139 -3.1498026847839355  0.6299605369567871  1.8898816108703613
     140 -2.5198421478271484  0.0000000000000000  1.2599210739135742
     141 -1.8898816108703613  0.6299605369567871  1.8898816108703613
     142 -1.2599210739135742  0.0000000000000000  1.2599210739135742
     143 -0.6299605369567871  0.6299605369567871  1.8898816108703613
     144  0.0000000000000000  1.2599210739135742  1.2599210739135742
     145  0.6299605369567871  1.8898816108703613  1.8898816108703613
     146  1.2599210739135742  1.2599210739135742  1.2599210739135742
     147  1.8898816108703613  1.8898816108703613  1.8898816108703613
     148  2.5198421478271484  1.2599210739135742  1.2599210739135742
     149  3.1498026847839355  1.8898816108703613  1.8898816108703613
     150  3.7797632217407227  1.2599210739135742  1.2599210739135742
     151  4.4097237586975098  1.8898816108703613  1.8898816108703613
     152 -5.0396842956542969  1.2599210739135742  1.2599210739135742
     153 -4.4097237586975098  1.8898816108703613  1.8898816108703613
     154 -3.7797632217407227  1.2599210739135742  1.2599210739135742
     155 -3.1498026847839355  1.8898816108703613  1.8898816108703613
     156 -2.5198421478271484  1.2599210739135742  1.2599210739135742
     157 -1.8898816108703613  1.8898816108703613  1.8898816108703613
     158 -1.2599210739135742  1.2599210739135742  1.2599210739135742
     159 -0.6299605369567871  1.8898816108703613  1.8898816108703613
     160  0.0000000000000000  2.5198421478271484  1.2599210739135742
     161  0.6299605369567871  3.1498026847839355  1.8898816108703613
     162  1.2599210739135742  2.5198421478271484  1.2599210739135742
     163  1.8898816108703613  3.1498026847839355  1.8898816108703613
     164  2.5198421478271484  2.5198421478271484  1.2599210739135742
     165  3.1498026847839355  3.1498026847839355  1.8898816108703613
     166  3.7797632217407227  2.5198421478271484  1.2599210739135742
     167  4.4097237586975098  3.1498026847839355  1.8898816108703613
     168 -5.0396842956542969  2.5198421478271484  1.2599210739135742
     169 -4.4097237586975098  3.1498026847839355  1.8898816108703613
     170 -3.7797632217407227  2.5198421478271484  1.2599210739135742
     171 -3.1498026847839355  3.1498026847839355  1.8898816108703613
     172 -2.5198421478271484  2.5198421478271484  1.2599210739135742
     173 -1.8898816108703613  3.1498026847839355  1.8898816108703613
     174 -1.2599210739135742  2.5198421478271484  1.2599210739135742
     175 -0.6299605369567871  3.1498026847839355  1.8898816108703613
     176  0.0000000000000000  3.7797632217407227  1.2599210739135742
     177  0.6299605369567871  4.4097237586975098  1.8898816108703613
     178  1.2599210739135742  3.7797632217407227  1.2599210739135742
     179  1.8898816108703613  4.4097237586975098  1.8898816108703613
     180  2.5198421478271484  3.7797632217407227  1.2599210739135742
     181  3.1498026847839355  4.4097237586975098  1.8898816108703613
     182  3.7797632217407227  3.7797632217407227  1.2599210739135742
     183  4.4097237586975098  4.4097237586975098  1.8898816108703613
     184 -5.0396842956542969  3.7797632217407227  1.2599210739135742
     185 -4.4097237586975098  4.4097237586975098  1.8898816108703613
     186 -3.7797632217407227  3.7797632217407227  1.2599210739135742
     187 -3.1498026847839355  4.4097237586975098  1.8898816108703613
     188 -2.5198421478271484  3.7797632217407227  1.2599210739135742
     189 -1.8898816108703613  4.4097237586975098  1.8898816108703613
     190 -1.2599210739135742  3.7797632217407227  1.2599210739135742
     191 -0.6299605369567871  4.4097237586975098  1.8898816108703613
     192  0.0000000000000000 -5.0396842956542969  1.2599210739135742
     193  0.6299605369567871 -4.4097237586975098  1.8898816108703613
     194  1.2599210739135742 -5.0396842956542969  1.2599210739135742
     195  1.8898816108703613 -4.4097237586975098  1.8898816108703613
     196  2.5198421478271484 -5.0396842956542969  1.2599210739135742
     197  3.1498026847839355 -4.4097237586975098  1.8898816108703613
     198  3.7797632217407227 -5.0396842956542969  1.2599210739135742
     199  4.4097237586975098 -4.4097237586975098  1.8898816108703613
     200 -5.0396842956542969 -5.0396842956542969  1.2599210739135742
     201 -4.4097237586975098 -4.4097237586975098  1.8898816108703613
     202 -3.7797632217407227 -5.0396842956542969  1.2599210739135742
     203 -3.1498026847839355 -4.4097237586975098  1.8898816108703613
     204 -2.5198421478271484 -5.0396842956542969  1.2599210739135742
     205 -1.8898816108703613 -4.4097237586975098  1.8898816108703613
     206 -1.2599210739135742 -5.0396842956542969  1.2599210739135742
     207 -0.6299605369567871 -4.4097237586975098  1.8898816108703613
     208  0.0000000000000000 -3.7797632217407227  1.2599210739135742
     209  0.6299605369567871 -3.1498026847839355  1.8898816108703613
     210  1.2599210739135742 -3.7797632217407227  1.2599210739135742
     211  1.8898816108703613 -3.1498026847839355  1.8898816108703613
     212  2.5198421478271484 -3.7797632217407227  1.2599210739135742
     213  3.1498026847839355 -3.1498026847839355  1.8898816108703613
     214  3.7797632217407227 -3.7797632217407227  1.2599210739135742
     215  4.4097237586975098 -3.1498026847839355  1.8898816108703613
     216 -5.0396842956542969 -3.7797632217407227  1.2599210739135742
     217 -4.4097237586975098 -3.1498026847839355  1.8898816108703613
     218 -3.7797632217407227 -3.7797632217407227  1.2599210739135742
     219 -3.1498026847839355 -3.1498026847839355  1.8898816108703613
     220 -2.5198421478271484 -3.7797632217407227  1.2599210739135742
     221 -1.8898816108703613 -3.1498026847839355  1.8898816108703613
     222 -1.2599210739135742 -3.7797632217407227  1.2599210739135742
     223 -0.6299605369567871 -3.1498026847839355  1.8898816108703613
     224  0.0000000000000000 -2.5198421478271484  1.2599210739135742
     225  0.6299605369567871 -1.8898816108703613  1.8898816108703613
     226  1.2599210739135742 -2.5198421478271484  1.2599210739135742
     227  1.8898816108703613 -1.8898816108703613  1.8898816108703613
     228  2.5198421478271484 -2.5198421478271484  1.2599210739135742
     229  3.1498026847839355 -1.8898816108703613  1.8898816108703613
     230  3.7797632217407227 -2.5198421478271484  1.2599210739135742
     231  4.4097237586975098 -1.8898816108703613  1.8898816108703613
     232 -5.0396842956542969 -2.5198421478271484  1.2599210739135742
     233 -4.4097237586975098 -1.8898816108703613  1.8898816108703613
     234 -3.7797632217407227 -2.5198421478271484  1.2599210739135742
     235 -3.1498026847839355 -1.8898816108703613  1.8898816108703613
     236 -2.5198421478271484 -2.5198421478271484  1.2599210739135742
     237 -1.8898816108703613 -1.8898816108703613  1.8898816108703613
     238 -1.2599210739135742 -2.5198421478271484  1.2599210739135742
     239 -0.6299605369567871 -1.8898816108703613  1.8898816108703613
     240  0.0000000000000000 -1.2599210739135742  1.2599210739135742
     241  0.6299605369567871 -0.6299605369567871  1.8898816108703613
     242  1.2599210739135742 -1.2599210739135742  1.2599210739135742
     243  1.8898816108703613 -0.6299605369567871  1.8898816108703613
     244  2.5198421478271484 -1.2599210739135742  1.2599210739135742
     245  3.1498026847839355 -0.6299605369567871  1.8898816108703613
     246  3.7797632217407227 -1.2599210739135742  1.2599210739135742
     247  4.4097237586975098 -0.6299605369567871  1.8898816108703613
     248 -5.0396842956542969 -1.2599210739135742  1.2599210739135742
     249 -4.4097237586975098 -0.6299605369567871  1.8898816108703613
     250 -3.7797632217407227 -1.2599210739135742  1.2599210739135742
     251 -3.1498026847839355 -0.6299605369567871  1.8898816108703613
     252 -2.5198421478271484 -1.2599210739135742  1.2599210739135742
     253 -1.8898816108703613 -0.6299605369567871  1.8898816108703613
     254 -1.2599210739135742 -1.2599210739135742  1.2599210739135742
     255 -0.6299605369567871 -0.6299605369567871  1.8898816108703613
     256  0.0000000000000000  0.0000000000000000  2.5198421478271484
     257  0.6299605369567871  0.6299605369567871  3.1498026847839355
     258  1.2599210739135742  0.0000000000000000  2.5198421478271484
     259  1.8898816108703613  0.6299605369567871  3.1498026847839355
     260  2.5198421478271484  0.0000000000000000  2.5198421478271484
     261  3.1498026847839355  0.6299605369567871  3.1498026847839355
     262  3.7797632217407227  0.0000000000000000  2.5198421478271484
     263  4.4097237586975098  0.6299605369567871  3.1498026847839355
     264 -5.0396842956542969  0.0000000000000000  2.5198421478271484
     265 -4.4097237586975098  0.6299605369567871  3.1498026847839355
     266 -3.7797632217407227  0.0000000000000000  2.5198421478271484
     267 -3.1498026847839355  0.6299605369567871  3.1498026847839355
     268 -2.5198421478271484  0.0000000000000000  2.5198421478271484
     269 -1.8898816108703613  0.6299605369567871  3.1498026847839355
     270 -1.2599210739135742  0.0000000000000000  2.5198421478271484
     271 -0.6299605369567871  0.6299605369567871  3.1498026847839355
     272  0.0000000000000000  1.2599210739135742  2.5198421478271484
     273  0.6299605369567871  1.8898816108703613  3.1498026847839355
     274  1.2599210739135742  1.2599210739135742  2.5198421478271484
     275  1.8898816108703613  1.8898816108703613  3.1498026847839355
     276  2.5198421478271484  1.2599210739135742  2.5198421478271484
     277  3.1498026847839355  1.8898816108703613  3.1498026847839355
     278  3.7797632217407227  1.2599210739135742  2.5198421478271484
     279  4.4097237586975098  1.8898816108703613  3.1498026847839355
     280 -5.0396842956542969  1.2599210739135742  2.5198421478271484
     281 -4.4097237586975098  1.8898816108703613  3.1498026847839355
     282 -3.7797632217407227  1.2599210739135742  2.5198421478271484
     283 -3.1498026847839355  1.8898816108703613  3.1498026847839355
     284 -2.5198421478271484  1.2599210739135742  2.5198421478271484
     285 -1.8898816108703613  1.8898816108703613  3.1498026847839355
     286 -1.2599210739135742  1.2599210739135742  2.5198421478271484
     287 -0.6299605369567871  1.8898816108703613  3.1498026847839355
     288  0.0000000000000000  2.5198421478271484  2.5198421478271484
     289  0.6299605369567871  3.1498026847839355  3.1498026847839355
     290  1.2599210739135742  2.5198421478271484  2.5198421478271484
     291  1.8898816108703613  3.1498026847839355  3.1498026847839355
     292  2.5198421478271484  2.5198421478271484  2.5198421478271484
     293  3.1498026847839355  3.1498026847839355  3.1498026847839355
     294  3.7797632217407227  2.5198421478271484  2.5198421478271484
     295  4.4097237586975098  3.1498026847839355  3.1498026847839355
     296 -5.0396842956542969  2.5198421478271484  2.5198421478271484
     297 -4.4097237586975098  3.1498026847839355  3.1498026847839355
     298 -3.7797632217407227  2.5198421478271484  2.5198421478271484
     299 -3.1498026847839355  3.1498026847839355  3.1498026847839355
     300 -2.5198421478271484  2.5198421478271484  2.5198421478271484
     301 -1.8898816108703613  3.1498026847839355  3.1498026847839355
     302 -1.2599210739135742  2.5198421478271484  2.5198421478271484
     303 -0.6299605369567871  3.1498026847839355  3.1498026847839355
     304  0.0000000000000000  3.7797632217407227  2.5198421478271484
     305  0.6299605369567871  4.4097237586975098  3.1498026847839355
     306  1.2599210739135742  3.7797632217407227  2.5198421478271484
     307  1.8898816108703613  4.4097237586975098  3.1498026847839355
     308  2.5198421478271484  3.7797632217407227  2.5198421478271484
     309  3.1498026847839355  4.4097237586975098  3.1498026847839355
     310  3.7797632217407227  3.7797632217407227  2.5198421478271484
     311  4.4097237586975098  4.4097237586975098  3.1498026847839355
     312 -5.0396842956542969  3.7797632217407227  2.5198421478271484
     313 -4.4097237586975098  4.4097237586975098  3.1498026847839355
     314 -3.7797632217407227  3.7797632217407227  2.5198421478271484
     315 -3.1498026847839355  4.4097237586975098  3.1498026847839355
     316 -2.5198421478271484  3.7797632217407227  2.5198421478271484
     317 -1.8898816108703613  4.4097237586975098  3.1498026847839355
     318 -1.2599210739135742  3.7797632217407227  2.5198421478271484
     319 -0.6299605369567871  4.4097237586975098  3.1498026847839355
     320  0.0000000000000000 -5.0396842956542969  2.5198421478271484
     321  0.6299605369567871 -4.4097237586975098  3.1498026847839355
     322  1.2599210739135742 -5.0396842956542969  2.5198421478271484
     323  1.8898816108703613 -4.4097237586975098  3.1498026847839355
     324  2.5198421478271484 -5.0396842956542969  2.5198421478271484
     325  3.1498026847839355 -4.4097237586975098  3.1498026847839355
     326  3.7797632217407227 -5.0396842956542969  2.5198421478271484
     327  4.4097237586975098 -4.4097237586975098  3.1498026847839355
     328 -5.0396842956542969 -5.0396842956542969  2.5198421478271484
     329 -4.4097237586975098 -4.4097237586975098  3.1498026847839355
     330 -3.7797632217407227 -5.0396842956542969  2.5198421478271484
     331 -3.1498026847839355 -4.4097237586975098  3.1498026847839355
     332 -2.5198421478271484 -5.0396842956542969  2.5198421478271484
     333 -1.8898816108703613 -4.4097237586975098  3.1498026847839355
     334 -1.2599210739135742 -5.0396842956542969  2.5198421478271484
     335 -0.6299605369567871 -4.4097237586975098  3.1498026847839355
     336  0.0000000000000000 -3.7797632217407227  2.5198421478271484
     337  0.6299605369567871 -3.1498026847839355  3.1498026847839355
     338  1.2599210739135742 -3.7797632217407227  2.5198421478271484
     339  1.8898816108703613 -3.1498026847839355  3.1498026847839355
     340  2.5198421478271484 -3.7797632217407227  2.5198421478271484
     341  3.1498026847839355 -3.1498026847839355  3.1498026847839355
     342  3.7797632217407227 -3.7797632217407227  2.5198421478271484
     343  4.4097237586975098 -3.1498026847839355  3.1498026847839355
     344 -5.0396842956542969 -3.7797632217407227  2.5198421478271484
     345 -4.4097237586975098 -3.1498026847839355  3.1498026847839355
     346 -3.7797632217407227 -3.7797632217407227  2.5198421478271484
     347 -3.1498026847839355 -3.1498026847839355  3.1498026847839355
     348 -2.5198421478271484 -3.7797632217407227  2.5198421478271484
     349 -1.8898816108703613 -3.1498026847839355  3.1498026847839355
     350 -1.2599210739135742 -3.7797632217407227  2.5198421478271484
     351 -0.6299605369567871 -3.1498026847839355  3.1498026847839355
     352  0.0000000000000000 -2.5198421478271484  2.5198421478271484
     353  0.6299605369567871 -1.8898816108703613  3.1498026847839355
     354  1.2599210739135742 -2.5198421478271484  2.5198421478271484
     355  1.8898816108703613 -1.8898816108703613  3.1498026847839355
     356  2.5198421478271484 -2.5198421478271484  2.5198421478271484
     357  3.1498026847839355 -1.8898816108703613  3.1498026847839355
     358  3.7797632217407227 -2.5198421478271484  2.5198421478271484
     359  4.4097237586975098 -1.8898816108703613  3.1498026847839355
     360 -5.0396842956542969 -2.5198421478271484  2.5198421478271484
     361 -4.4097237586975098 -1.8898816108703613  3.1498026847839355
     362 -3.7797632217407227 -2.5198421478271484  2.5198421478271484
     363 -3.1498026847839355 -1.8898816108703613  3.1498026847839355
     364 -2.5198421478271484 -2.5198421478271484  2.5198421478271484
     365 -1.8898816108703613 -1.8898816108703613  3.1498026847839355
     366 -1.2599210739135742 -2.5198421478271484  2.5198421478271484
     367 -0.6299605369567871 -1.8898816108703613  3.1498026847839355
     368  0.0000000000000000 -1.2599210739135742  2.5198421478271484
     369  0.6299605369567871 -0.6299605369567871  3.1498026847839355
     370  1.2599210739135742 -1.2599210739135742  2.5198421478271484
     371  1.8898816108703613 -0.6299605369567871  3.1498026847839355
     372  2.5198421478271484 -1.2599210739135742  2.5198421478271484
     373  3.1498026847839355 -0.6299605369567871  3.1498026847839355
     374  3.7797632217407227 -1.2599210739135742  2.5198421478271484
     375  4.4097237586975098 -0.6299605369567871  3.1498026847839355
     376 -5.0396842956542969 -1.2599210739135742  2.5198421478271484
     377 -4.4097237586975098 -0.6299605369567871  3.1498026847839355
     378 -3.7797632217407227 -1.2599210739135742  2.5198421478271484
     379 -3.1498026847839355 -0.6299605369567871  3.1498026847839355
     380 -2.5198421478271484 -1.2599210739135742  2.5198421478271484
     381 -1.8898816108703613 -0.6299605369567871  3.1498026847839355
     382 -1.2599210739135742 -1.2599210739135742  2.5198421478271484
     383 -0.6299605369567871 -0.6299605369567871  3.1498026847839355
     384  0.0000000000000000  0.0000000000000000  3.7797632217407227
     385  0.6299605369567871  0.6299605369567871  4.4097237586975098
     386  1.2599210739135742  0.0000000000000000  3.7797632217407227
     387  1.8898816108703613  0.6299605369567871  4.4097237586975098
     388  2.5198421478271484  0.0000000000000000  3.7797632217407227
     389  3.1498026847839355  0.6299605369567871  4.4097237586975098
     390  3.7797632217407227  0.0000000000000000  3.7797632217407227
     391  4.4097237586975098  0.6299605369567871  4.4097237586975098
     392 -5.0396842956542969  0.0000000000000000  3.7797632217407227
     393 -4.4097237586975098  0.6299605369567871  4.4097237586975098
     394 -3.7797632217407227  0.0000000000000000  3.7797632217407227
     395 -3.1498026847839355  0.6299605369567871  4.4097237586975098
     396 -2.5198421478271484  0.0000000000000000  3.7797632217407227
     397 -1.8898816108703613  0.6299605369567871  4.4097237586975098
     398 -1.2599210739135742  0.0000000000000000  3.7797632217407227
     399 -0.6299605369567871  0.6299605369567871  4.4097237586975098
     400  0.0000000000000000  1.2599210739135742  3.7797632217407227
     401  0.6299605369567871  1.8898816108703613  4.4097237586975098
     402  1.2599210739135742  1.2599210739135742  3.7797632217407227
     403  1.8898816108703613  1.8898816108703613  4.4097237586975098
     404  2.5198421478271484  1.2599210739135742  3.7797632217407227
     405  3.1498026847839355  1.8898816108703613  4.4097237586975098
     406  3.7797632217407227  1.2599210739135742  3.7797632217407227
     407  4.4097237586975098  1.8898816108703613  4.4097237586975098
     408 -5.0396842956542969  1.2599210739135742  3.7797632217407227
     409 -4.4097237586975098  1.8898816108703613  4.4097237586975098
     410 -3.7797632217407227  1.2599210739135742  3.7797632217407227
     411 -3.1498026847839355  1.8898816108703613  4.4097237586975098
     412 -2.5198421478271484  1.2599210739135742  3.7797632217407227
     413 -1.8898816108703613  1.8898816108703613  4.4097237586975098
     414 -1.2599210739135742  1.2599210739135742  3.7797632217407227
     415 -0.6299605369567871  1.8898816108703613  4.4097237586975098
     416  0.0000000000000000  2.5198421478271484  3.7797632217407227
     417  0.6299605369567871  3.1498026847839355  4.4097237586975098
     418  1.2599210739135742  2.5198421478271484  3.7797632217407227
     419  1.8898816108703613  3.1498026847839355  4.4097237586975098
     420  2.5198421478271484  2.5198421478271484  3.7797632217407227
     421  3.1498026847839355  3.1498026847839355  4.4097237586975098
     422  3.7797632217407227  2.5198421478271484  3.7797632217407227
     423  4.4097237586975098  3.1498026847839355  4.4097237586975098
     424 -5.0396842956542969  2.5198421478271484  3.7797632217407227
     425 -4.4097237586975098  3.1498026847839355  4.4097237586975098
     426 -3.7797632217407227  2.5198421478271484  3.7797632217407227
     427 -3.1498026847839355  3.1498026847839355  4.4097237586975098
     428 -2.5198421478271484  2.5198421478271484  3.7797632217407227
     429 -1.8898816108703613  3.1498026847839355  4.4097237586975098
     430 -1.2599210739135742  2.5198421478271484  3.7797632217407227
     431 -0.6299605369567871  3.1498026847839355  4.4097237586975098
     432  0.0000000000000000  3.7797632217407227  3.7797632217407227
     433  0.6299605369567871  4.4097237586975098  4.4097237586975098
     434  1.2599210739135742  3.7797632217407227  3.7797632217407227
     435  1.8898816108703613  4.4097237586975098  4.4097237586975098
     436  2.5198421478271484  3.7797632217407227  3.7797632217407227
     437  3.1498026847839355  4.4097237586975098  4.4097237586975098
     438  3.7797632217407227  3.7797632217407227  3.7797632217407227
     439  4.4097237586975098  4.4097237586975098  4.4097237586975098
     440 -5.0396842956542969  3.7797632217407227  3.7797632217407227
     441 -4.4097237586975098  4.4097237586975098  4.4097237586975098
     442 -3.7797632217407227  3.7797632217407227  3.7797632217407227
     443 -3.1498026847839355  4.4097237586975098  4.4097237586975098
     444 -2.5198421478271484  3.7797632217407227  3.7797632217407227
     445 -1.8898816108703613  4.4097237586975098  4.4097237586975098
     446 -1.2599210739135742  3.7797632217407227  3.7797632217407227
     447 -0.6299605369567871  4.4097237586975098  4.4097237586975098
     448  0.0000000000000000 -5.0396842956542969  3.7797632217407227
     449  0.6299605369567871 -4.4097237586975098  4.4097237586975098
     450  1.2599210739135742 -5.0396842956542969  3.7797632217407227
     451  1.8898816108703613 -4.4097237586975098  4.4097237586975098
     452  2.5198421478271484 -5.0396842956542969  3.7797632217407227
     453  3.1498026847839355 -4.4097237586975098  4.4097237586975098
     454  3.7797632217407227 -5.0396842956542969  3.7797632217407227
     455  4.4097237586975098 -4.4097237586975098  4.4097237586975098
     456 -5.0396842956542969 -5.0396842956542969  3.7797632217407227
     457 -4.4097237586975098 -4.4097237586975098  4.4097237586975098
     458 -3.7797632217407227 -5.0396842956542969  3.7797632217407227
     459 -3.1498026847839355 -4.4097237586975098  4.4097237586975098
     460 -2.5198421478271484 -5.0396842956542969  3.7797632217407227
     461 -1.8898816108703613 -4.4097237586975098  4.4097237586975098
     462 -1.2599210739135742 -5.0396842956542969  3.7797632217407227
     463 -0.6299605369567871 -4.4097237586975098  4.4097237586975098
     464  0.0000000000000000 -3.7797632217407227  3.7797632217407227
     465  0.6299605369567871 -3.1498026847839355  4.4097237586975098
     466  1.2599210739135742 -3.7797632217407227  3.7797632217407227
     467  1.8898816108703613 -3.1498026847839355  4.4097237586975098
     468  2.5198421478271484 -3.7797632217407227  3.7797632217407227
     469  3.1498026847839355 -3.1498026847839355  4.4097237586975098
     470  3.7797632217407227 -3.7797632217407227  3.7797632217407227
     471  4.4097237586975098 -3.1498026847839355  4.4097237586975098
     472 -5.0396842956542969 -3.7797632217407227  3.7797632217407227
     473 -4.4097237586975098 -3.1498026847839355  4.4097237586975098
     474 -3.7797632217407227 -3.7797632217407227  3.7797632217407227
     475 -3.1498026847839355 -3.1498026847839355  4.4097237586975098
     476 -2.5198421478271484 -3.7797632217407227  3.7797632217407227
     477 -1.8898816108703613 -3.1498026847839355  4.4097237586975098
     478 -1.2599210739135742 -3.7797632217407227  3.7797632217407227
     479 -0.6299605369567871 -3.1498026847839355  4.4097237586975098
     480  0.0000000000000000 -2.5198421478271484  3.7797632217407227
     481  0.6299605369567871 -1.8898816108703613  4.4097237586975098
     482  1.2599210739135742 -2.5198421478271484  3.7797632217407227
     483  1.8898816108703613 -1.8898816108703613  4.4097237586975098
     484  2.5198421478271484 -2.5198421478271484  3.7797632217407227
     485  3.1498026847839355 -1.8898816108703613  4.4097237586975098
     486  3.7797632217407227 -2.5198421478271484  3.7797632217407227
     487  4.4097237586975098 -1.8898816108703613  4.4097237586975098
     488 -5.0396842956542969 -2.5198421478271484  3.7797632217407227
     489 -4.4097237586975098 -1.8898816108703613  4.4097237586975098
     490 -3.7797632217407227 -2.5198421478271484  3.7797632217407227
     491 -3.1498026847839355 -1.8898816108703613  4.4097237586975098
     492 -2.5198421478271484 -2.5198421478271484  3.7797632217407227
     493 -1.8898816108703613 -1.8898816108703613  4.4097237586975098
     494 -1.2599210739135742 -2.5198421478271484  3.7797632217407227
     495 -0.6299605369567871 -1.8898816108703613  4.4097237586975098
     496  0.0000000000000000 -1.2599210739135742  3.7797632217407227
     497  0.6299605369567871 -0.6299605369567871  4.4097237586975098
     498  1.2599210739135742 -1.2599210739135742  3.7797632217407227
     499  1.8898816108703613 -0.6299605369567871  4.4097237586975098
     500  2.5198421478271484 -1.2599210739135742  3.7797632217407227
     501  3.1498026847839355 -0.6299605369567871  4.4097237586975098
     502  3.7797632217407227 -1.2599210739135742  3.7797632217407227
     503  4.4097237586975098 -0.6299605369567871  4.4097237586975098
     504 -5.0396842956542969 -1.2599210739135742  3.7797632217407227
     505 -4.4097237586975098 -0.6299605369567871  4.4097237586975098
     506 -3.7797632217407227 -1.2599210739135742  3.7797632217407227
     507 -3.1498026847839355 -0.6299605369567871  4.4097237586975098
     508 -2.5198421478271484 -1.2599210739135742  3.7797632217407227
     509 -1.8898816108703613 -0.6299605369567871  4.4097237586975098
     510 -1.2599210739135742 -1.2599210739135742  3.7797632217407227
     511 -0.6299605369567871 -0.6299605369567871  4.4097237586975098
     512  0.0000000000000000  0.0000000000000000 -5.0396842956542969
     513  0.6299605369567871  0.6299605369567871 -4.4097237586975098
     514  1.2599210739135742  0.0000000000000000 -5.0396842956542969
     515  1.8898816108703613  0.6299605369567871 -4.4097237586975098
     516  2.5198421478271484  0.0000000000000000 -5.0396842956542969
     517  3.1498026847839355  0.6299605369567871 -4.4097237586975098
     518  3.7797632217407227  0.0000000000000000 -5.0396842956542969
     519  4.4097237586975098  0.6299605369567871 -4.4097237586975098
     520 -5.0396842956542969  0.0000000000000000 -5.0396842956542969
     521 -4.4097237586975098  0.6299605369567871 -4.4097237586975098
     522 -3.7797632217407227  0.0000000000000000 -5.0396842956542969
     523 -3.1498026847839355  0.6299605369567871 -4.4097237586975098
     524 -2.5198421478271484  0.0000000000000000 -5.0396842956542969
     525 -1.8898816108703613  0.6299605369567871 -4.4097237586975098
     526 -1.2599210739135742  0.0000000000000000 -5.0396842956542969
     527 -0.6299605369567871  0.6299605369567871 -4.4097237586975098
     528  0.0000000000000000  1.2599210739135742 -5.0396842956542969
     529  0.6299605369567871  1.8898816108703613 -4.4097237586975098
     530  1.2599210739135742  1.2599210739135742 -5.0396842956542969
     531  1.8898816108703613  1.8898816108703613 -4.4097237586975098
     532  2.5198421478271484  1.2599210739135742 -5.0396842956542969
     533  3.1498026847839355  1.8898816108703613 -4.4097237586975098
     534  3.7797632217407227  1.2599210739135742 -5.0396842956542969
     535  4.4097237586975098  1.8898816108703613 -4.4097237586975098
     536 -5.0396842956542969  1.2599210739135742 -5.0396842956542969
     537 -4.4097237586975098  1.8898816108703613 -4.4097237586975098
     538 -3.7797632217407227  1.2599210739135742 -5.0396842956542969
     539 -3.1498026847839355  1.8898816108703613 -4.4097237586975098
     540 -2.5198421478271484  1.2599210739135742 -5.0396842956542969
     541 -1.8898816108703613  1.8898816108703613 -4.4097237586975098
     542 -1.2599210739135742  1.2599210739135742 -5.0396842956542969
     543 -0.6299605369567871  1.8898816108703613 -4.4097237586975098
     544  0.0000000000000000  2.5198421478271484 -5.0396842956542969
     545  0.6299605369567871  3.1498026847839355 -4.4097237586975098
     546  1.2599210739135742  2.5198421478271484 -5.0396842956542969
     547  1.8898816108703613  3.1498026847839355 -4.4097237586975098
     548  2.5198421478271484  2.5198421478271484 -5.0396842956542969
     549  3.1498026847839355  3.1498026847839355 -4.4097237586975098
     550  3.7797632217407227  2.5198421478271484 -5.0396842956542969
     551  4.4097237586975098  3.1498026847839355 -4.4097237586975098
     552 -5.0396842956542969  2.5198421478271484 -5.0396842956542969
     553 -4.4097237586975098  3.1498026847839355 -4.4097237586975098
     554 -3.7797632217407227  2.5198421478271484 -5.0396842956542969
     555 -3.1498026847839355  3.1498026847839355 -4.4097237586975098
     556 -2.5198421478271484  2.5198421478271484 -5.0396842956542969
     557 -1.8898816108703613  3.1498026847839355 -4.4097237586975098
     558 -1.2599210739135742  2.5198421478271484 -5.0396842956542969
     559 -0.6299605369567871  3.1498026847839355 -4.4097237586975098
     560  0.0000000000000000  3.7797632217407227 -5.0396842956542969
     561  0.6299605369567871  4.4097237586975098 -4.4097237586975098
     562  1.2599210739135742  3.7797632217407227 -5.0396842956542969
     563  1.8898816108703613  4.4097237586975098 -4.4097237586975098
     564  2.5198421478271484  3.7797632217407227 -5.0396842956542969
     565  3.1498026847839355  4.4097237586975098 -4.4097237586975098
     566  3.7797632217407227  3.7797632217407227 -5.0396842956542969
     567  4.4097237586975098  4.4097237586975098 -4.4097237586975098
     568 -5.0396842956542969  3.7797632217407227 -5.0396842956542969
     569 -4.4097237586975098  4.4097237586975098 -4.4097237586975098
     570 -3.7797632217407227  3.7797632217407227 -5.0396842956542969
     571 -3.1498026847839355  4.4097237586975098 -4.4097237586975098
     572 -2.5198421478271484  3.7797632217407227 -5.0396842956542969
     573 -1.8898816108703613  4.4097237586975098 -4.4097237586975098
     574 -1.2599210739135742  3.7797632217407227 -5.0396842956542969
     575 -0.6299605369567871  4.4097237586975098 -4.4097237586975098
     576  0.0000000000000000 -5.0396842956542969 -5.0396842956542969
     577  0.6299605369567871 -4.4097237586975098 -4.4097237586975098
     578  1.2599210739135742 -5.0396842956542969 -5.0396842956542969
     579  1.8898816108703613 -4.4097237586975098 -4.4097237586975098
     580  2.5198421478271484 -5.0396842956542969 -5.0396842956542969
     581  3.1498026847839355 -4.4097237586975098 -4.4097237586975098
     582  3.7797632217407227 -5.0396842956542969 -5.0396842956542969
     583  4.4097237586975098 -4.4097237586975098 -4.4097237586975098
     584 -5.0396842956542969 -5.0396842956542969 -5.0396842956542969
     585 -4.4097237586975098 -4.4097237586975098 -4.4097237586975098
     586 -3.7797632217407227 -5.0396842956542969 -5.0396842956542969
     587 -3.1498026847839355 -4.4097237586975098 -4.4097237586975098
     588 -2.5198421478271484 -5.0396842956542969 -5.0396842956542969
     589 -1.8898816108703613 -4.4097237586975098 -4.4097237586975098
     590 -1.2599210739135742 -5.0396842956542969 -5.0396842956542969
     591 -0.6299605369567871 -4.4097237586975098 -4.4097237586975098
     592  0.0000000000000000 -3.7797632217407227 -5.0396842956542969
     593  0.6299605369567871 -3.1498026847839355 -4.4097237586975098
     594  1.2599210739135742 -3.7797632217407227 -5.0396842956542969
     595  1.8898816108703613 -3.1498026847839355 -4.4097237586975098
     596  2.5198421478271484 -3.7797632217407227 -5.0396842956542969
     597  3.1498026847839355 -3.1498026847839355 -4.4097237586975098
     598  3.7797632217407227 -3.7797632217407227 -5.0396842956542969
     599  4.4097237586975098 -3.1498026847839355 -4.4097237586975098
     600 -5.0396842956542969 -3.7797632217407227 -5.0396842956542969
     601 -4.4097237586975098 -3.1498026847839355 -4.4097237586975098
     602 -3.7797632217407227 -3.7797632217407227 -5.0396842956542969
     603 -3.1498026847839355 -3.1498026847839355 -4.4097237586975098
     604 -2.5198421478271484 -3.7797632217407227 -5.0396842956542969
     605 -1.8898816108703613 -3.1498026847839355 -4.4097237586975098
     606 -1.2599210739135742 -3.7797632217407227 -5.0396842956542969
     607 -0.6299605369567871 -3.1498026847839355 -4.4097237586975098
     608  0.0000000000000000 -2.5198421478271484 -5.0396842956542969
     609  0.6299605369567871 -1.8898816108703613 -4.4097237586975098
     610  1.2599210739135742 -2.5198421478271484 -5.0396842956542969
     611  1.8898816108703613 -1.8898816108703613 -4.4097237586975098
     612  2.5198421478271484 -2.5198421478271484 -5.0396842956542969
     613  3.1498026847839355 -1.8898816108703613 -4.4097237586975098
     614  3.7797632217407227 -2.5198421478271484 -5.0396842956542969
     615  4.4097237586975098 -1.8898816108703613 -4.4097237586975098
     616 -5.0396842956542969 -2.5198421478271484 -5.0396842956542969
     617 -4.4097237586975098 -1.8898816108703613 -4.4097237586975098
     618 -3.7797632217407227 -2.5198421478271484 -5.0396842956542969
     619 -3.1498026847839355 -1.8898816108703613 -4.4097237586975098
     620 -2.5198421478271484 -2.5198421478271484 -5.0396842956542969
     621 -1.8898816108703613 -1.8898816108703613 -4.4097237586975098
     622 -1.2599210739135742 -2.5198421478271484 -5.0396842956542969
     623 -0.6299605369567871 -1.8898816108703613 -4.4097237586975098
     624  0.0000000000000000 -1.2599210739135742 -5.0396842956542969
     625  0.6299605369567871 -0.6299605369567871 -4.4097237586975098
     626  1.2599210739135742 -1.2599210739135742 -5.0396842956542969
     627  1.8898816108703613 -0.6299605369567871 -4.4097237586975098
     628  2.5198421478271484 -1.2599210739135742 -5.0396842956542969
     629  3.1498026847839355 -0.6299605369567871 -4.4097237586975098
     630  3.7797632217407227 -1.2599210739135742 -5.0396842956542969
     631  4.4097237586975098 -0.6299605369567871 -4.4097237586975098
     632 -5.0396842956542969 -1.2599210739135742 -5.0396842956542969
     633 -4.4097237586975098 -0.6299605369567871 -4.4097237586975098
     634 -3.7797632217407227 -1.2599210739135742 -5.0396842956542969
     635 -3.1498026847839355 -0.6299605369567871 -4.4097237586975098
     636 -2.5198421478271484 -1.2599210739135742 -5.0396842956542969
     637 -1.8898816108703613 -0.6299605369567871 -4.4097237586975098
     638 -1.2599210739135742 -1.2599210739135742 -5.0396842956542969
     639 -0.6299605369567871 -0.6299605369567871 -4.4097237586975098
     640  0.0000000000000000  0.0000000000000000 -3.7797632217407227
     641  0.6299605369567871  0.6299605369567871 -3.1498026847839355
     642  1.2599210739135742  0.0000000000000000 -3.7797632217407227
     643  1.8898816108703613  0.6299605369567871 -3.1498026847839355
     644  2.5198421478271484  0.0000000000000000 -3.7797632217407227
     645  3.1498026847839355  0.6299605369567871 -3.1498026847839355
     646  3.7797632217407227  0.0000000000000000 -3.7797632217407227
     647  4.4097237586975098  0.6299605369567871 -3.1498026847839355
     648 -5.0396842956542969  0.0000000000000000 -3.7797632217407227
     649 -4.4097237586975098  0.6299605369567871 -3.1498026847839355
     650 -3.7797632217407227  0.0000000000000000 -3.7797632217407227
     651 -3.1498026847839355  0.6299605369567871 -3.1498026847839355
     652 -2.5198421478271484  0.0000000000000000 -3.7797632217407227
     653 -1.8898816108703613  0.6299605369567871 -3.1498026847839355
     654 -1.2599210739135742  0.0000000000000000 -3.7797632217407227
     655 -0.6299605369567871  0.6299605369567871 -3.1498026847839355
     656  0.0000000000000000  1.2599210739135742 -3.7797632217407227
     657  0.6299605369567871  1.8898816108703613 -3.1498026847839355
     658  1.2599210739135742  1.2599210739135742 -3.7797632217407227
     659  1.8898816108703613  1.8898816108703613 -3.1498026847839355
     660  2.5198421478271484  1.2599210739135742 -3.7797632217407227
     661  3.1498026847839355  1.8898816108703613 -3.1498026847839355
     662  3.7797632217407227  1.2599210739135742 -3.7797632217407227
     663  4.4097237586975098  1.8898816108703613 -3.1498026847839355
     664 -5.0396842956542969  1.2599210739135742 -3.7797632217407227
     665 -4.4097237586975098  1.8898816108703613 -3.1498026847839355
     666 -3.7797632217407227  1.2599210739135742 -3.7797632217407227
     667 -3.1498026847839355  1.8898816108703613 -3.1498026847839355
     668 -2.5198421478271484  1.2599210739135742 -3.7797632217407227
     669 -1.8898816108703613  1.8898816108703613 -3.1498026847839355
     670 -1.2599210739135742  1.2599210739135742 -3.7797632217407227
     671 -0.6299605369567871  1.8898816108703613 -3.1498026847839355
     672  0.0000000000000000  2.5198421478271484 -3.7797632217407227
     673  0.6299605369567871  3.1498026847839355 -3.1498026847839355
     674  1.2599210739135742  2.5198421478271484 -3.7797632217407227
     675  1.8898816108703613  3.1498026847839355 -3.1498026847839355
     676  2.5198421478271484  2.5198421478271484 -3.7797632217407227
     677  3.1498026847839355  3.1498026847839355 -3.1498026847839355
     678  3.7797632217407227  2.5198421478271484 -3.7797632217407227
     679  4.4097237586975098  3.1498026847839355 -3.1498026847839355
     680 -5.0396842956542969  2.5198421478271484 -3.7797632217407227
     681 -4.4097237586975098  3.1498026847839355 -3.1498026847839355
     682 -3.7797632217407227  2.5198421478271484 -3.7797632217407227
     683 -3.1498026847839355  3.1498026847839355 -3.1498026847839355
     684 -2.5198421478271484  2.5198421478271484 -3.7797632217407227
     685 -1.8898816108703613  3.1498026847839355 -3.1498026847839355
     686 -1.2599210739135742  2.5198421478271484 -3.7797632217407227
     687 -0.6299605369567871  3.1498026847839355 -3.1498026847839355
     688  0.0000000000000000  3.7797632217407227 -3.7797632217407227
     689  0.6299605369567871  4.4097237586975098 -3.1498026847839355
     690  1.2599210739135742  3.7797632217407227 -3.7797632217407227
     691  1.8898816108703613  4.4097237586975098 -3.1498026847839355
     692  2.5198421478271484  3.7797632217407227 -3.7797632217407227
     693  3.1498026847839355  4.4097237586975098 -3.1498026847839355
     694  3.7797632217407227  3.7797632217407227 -3.7797632217407227
     695  4.4097237586975098  4.4097237586975098 -3.1498026847839355
     696 -5.0396842956542969  3.7797632217407227 -3.7797632217407227
     697 -4.4097237586975098  4.4097237586975098 -3.1498026847839355
     698 -3.7797632217407227  3.7797632217407227 -3.7797632217407227
     699 -3.1498026847839355  4.4097237586975098 -3.1498026847839355
     700 -2.5198421478271484  3.7797632217407227 -3.7797632217407227
     701 -1.8898816108703613  4.4097237586975098 -3.1498026847839355
     702 -1.2599210739135742  3.7797632217407227 -3.7797632217407227
     703 -0.6299605369567871  4.4097237586975098 -3.1498026847839355
     704  0.0000000000000000 -5.0396842956542969 -3.7797632217407227
     705  0.6299605369567871 -4.4097237586975098 -3.1498026847839355
     706  1.2599210739135742 -5.0396842956542969 -3.7797632217407227
     707  1.8898816108703613 -4.4097237586975098 -3.1498026847839355
     708  2.5198421478271484 -5.0396842956542969 -3.7797632217407227
     709  3.1498026847839355 -4.4097237586975098 -3.1498026847839355
     710  3.7797632217407227 -5.0396842956542969 -3.7797632217407227
     711  4.4097237586975098 -4.4097237586975098 -3.1498026847839355
     712 -5.0396842956542969 -5.0396842956542969 -3.7797632217407227
     713 -4.4097237586975098 -4.4097237586975098 -3.1498026847839355
     714 -3.7797632217407227 -5.0396842956542969 -3.7797632217407227
     715 -3.1498026847839355 -4.4097237586975098 -3.1498026847839355
     716 -2.5198421478271484 -5.0396842956542969 -3.7797632217407227
     717 -1.8898816108703613 -4.4097237586975098 -3.1498026847839355
     718 -1.2599210739135742 -5.0396842956542969 -3.7797632217407227
     719 -0.6299605369567871 -4.4097237586975098 -3.1498026847839355
     720  0.0000000000000000 -3.7797632217407227 -3.7797632217407227
     721  0.6299605369567871 -3.1498026847839355 -3.1498026847839355
     722  1.2599210739135742 -3.7797632217407227 -3.7797632217407227
     723  1.8898816108703613 -3.1498026847839355 -3.1498026847839355
     724  2.5198421478271484 -3.7797632217407227 -3.7797632217407227
     725  3.1498026847839355 -3.1498026847839355 -3.1498026847839355
     726  3.7797632217407227 -3.7797632217407227 -3.7797632217407227
     727  4.4097237586975098 -3.1498026847839355 -3.1498026847839355
     728 -5.0396842956542969 -3.7797632217407227 -3.7797632217407227
     729 -4.4097237586975098 -3.1498026847839355 -3.1498026847839355
     730 -3.7797632217407227 -3.7797632217407227 -3.7797632217407227
     731 -3.1498026847839355 -3.1498026847839355 -3.1498026847839355
     732 -2.5198421478271484 -3.7797632217407227 -3.7797632217407227
     733 -1.8898816108703613 -3.1498026847839355 -3.1498026847839355
     734 -1.2599210739135742 -3.7797632217407227 -3.7797632217407227
     735 -0.6299605369567871 -3.1498026847839355 -3.1498026847839355
     736  0.0000000000000000 -2.5198421478271484 -3.7797632217407227
     737  0.6299605369567871 -1.8898816108703613 -3.1498026847839355
     738  1.2599210739135742 -2.5198421478271484 -3.7797632217407227
     739  1.8898816108703613 -1.8898816108703613 -3.1498026847839355
     740  2.5198421478271484 -2.5198421478271484 -3.7797632217407227
     741  3.1498026847839355 -1.8898816108703613 -3.1498026847839355
     742  3.7797632217407227 -2.5198421478271484 -3.7797632217407227
     743  4.4097237586975098 -1.8898816108703613 -3.1498026847839355
     744 -5.0396842956542969 -2.5198421478271484 -3.7797632217407227
     745 -4.4097237586975098 -1.8898816108703613 -3.1498026847839355
     746 -3.7797632217407227 -2.5198421478271484 -3.7797632217407227
     747 -3.1498026847839355 -1.8898816108703613 -3.1498026847839355
     748 -2.5198421478271484 -2.5198421478271484 -3.7797632217407227
     749 -1.8898816108703613 -1.8898816108703613 -3.1498026847839355
     750 -1.2599210739135742 -2.5198421478271484 -3.7797632217407227
     751 -0.6299605369567871 -1.8898816108703613 -3.1498026847839355
     752  0.0000000000000000 -1.2599210739135742 -3.7797632217407227
     753  0.6299605369567871 -0.6299605369567871 -3.1498026847839355
     754  1.2599210739135742 -1.2599210739135742 -3.7797632217407227
     755  1.8898816108703613 -0.6299605369567871 -3.1498026847839355
     756  2.5198421478271484 -1.2599210739135742 -3.7797632217407227
     757  3.1498026847839355 -0.6299605369567871 -3.1498026847839355
     758  3.7797632217407227 -1.2599210739135742 -3.7797632217407227
     759  4.4097237586975098 -0.6299605369567871 -3.1498026847839355
     760 -5.0396842956542969 -1.2599210739135742 -3.7797632217407227
     761 -4.4097237586975098 -0.6299605369567871 -3.1498026847839355
     762 -3.7797632217407227 -1.2599210739135742 -3.7797632217407227
     763 -3.1498026847839355 -0.6299605369567871 -3.1498026847839355
     764 -2.5198421478271484 -1.2599210739135742 -3.7797632217407227
     765 -1.8898816108703613 -0.6299605369567871 -3.1498026847839355
     766 -1.2599210739135742 -1.2599210739135742 -3.7797632217407227
     767 -0.6299605369567871 -0.6299605369567871 -3.1498026847839355
     768  0.0000000000000000  0.0000000000000000 -2.5198421478271484
     769  0.6299605369567871  0.6299605369567871 -1.8898816108703613
     770  1.2599210739135742  0.0000000000000000 -2.5198421478271484
     771  1.8898816108703613  0.6299605369567871 -1.8898816108703613
     772  2.5198421478271484  0.0000000000000000 -2.5198421478271484
     773  3.1498026847839355  0.6299605369567871 -1.8898816108703613
     774  3.7797632217407227  0.0000000000000000 -2.5198421478271484
     775  4.4097237586975098  0.6299605369567871 -1.8898816108703613
     776 -5.0396842956542969  0.0000000000000000 -2.5198421478271484
     777 -4.4097237586975098  0.6299605369567871 -1.8898816108703613
     778 -3.7797632217407227  0.0000000000000000 -2.5198421478271484
     779 -3.1498026847839355  0.6299605369567871 -1.8898816108703613
     780 -2.5198421478271484  0.0000000000000000 -2.5198421478271484
     781 -1.8898816108703613  0.6299605369567871 -1.8898816108703613
     782 -1.2599210739135742  0.0000000000000000 -2.5198421478271484
     783 -0.6299605369567871  0.6299605369567871 -1.8898816108703613
     784  0.0000000000000000  1.2599210739135742 -2.5198421478271484
     785  0.6299605369567871  1.8898816108703613 -1.8898816108703613
     786  1.2599210739135742  1.2599210739135742 -2.5198421478271484
     787  1.8898816108703613  1.8898816108703613 -1.8898816108703613
     788  2.5198421478271484  1.2599210739135742 -2.5198421478271484
     789  3.1498026847839355  1.8898816108703613 -1.8898816108703613
     790  3.7797632217407227  1.2599210739135742 -2.5198421478271484
     791  4.4097237586975098  1.8898816108703613 -1.8898816108703613
     792 -5.0396842956542969  1.2599210739135742 -2.5198421478271484
     793 -4.4097237586975098  1.8898816108703613 -1.8898816108703613
     794 -3.7797632217407227  1.2599210739135742 -2.5198421478271484
     795 -3.1498026847839355  1.8898816108703613 -1.8898816108703613
     796 -2.5198421478271484  1.2599210739135742 -2.5198421478271484
     797 -1.8898816108703613  1.8898816108703613 -1.8898816108703613
     798 -1.2599210739135742  1.2599210739135742 -2.5198421478271484
     799 -0.6299605369567871  1.8898816108703613 -1.8898816108703613
     800  0.0000000000000000  2.5198421478271484 -2.5198421478271484
     801  0.6299605369567871  3.1498026847839355 -1.8898816108703613
     802  1.2599210739135742  2.5198421478271484 -2.5198421478271484
     803  1.8898816108703613  3.1498026847839355 -1.8898816108703613
     804  2.5198421478271484  2.5198421478271484 -2.5198421478271484
     805  3.1498026847839355  3.1498026847839355 -1.8898816108703613
     806  3.7797632217407227  2.5198421478271484 -2.5198421478271484
     807  4.4097237586975098  3.1498026847839355 -1.8898816108703613
     808 -5.0396842956542969  2.5198421478271484 -2.5198421478271484
     809 -4.4097237586975098  3.1498026847839355 -1.8898816108703613
     810 -3.7797632217407227  2.5198421478271484 -2.5198421478271484
     811 -3.1498026847839355  3.1498026847839355 -1.8898816108703613
     812 -2.5198421478271484  2.5198421478271484 -2.5198421478271484
     813 -1.8898816108703613  3.1498026847839355 -1.8898816108703613
     814 -1.2599210739135742  2.5198421478271484 -2.5198421478271484
     815 -0.6299605369567871  3.1498026847839355 -1.8898816108703613
     816  0.0000000000000000  3.7797632217407227 -2.5198421478271484
     817  0.6299605369567871  4.4097237586975098 -1.8898816108703613
     818  1.2599210739135742  3.7797632217407227 -2.5198421478271484
     819  1.8898816108703613  4.4097237586975098 -1.8898816108703613
     820  2.5198421478271484  3.7797632217407227 -2.5198421478271484
     821  3.1498026847839355  4.4097237586975098 -1.8898816108703613
     822  3.7797632217407227  3.7797632217407227 -2.5198421478271484
     823  4.4097237586975098  4.4097237586975098 -1.8898816108703613
     824 -5.0396842956542969  3.7797632217407227 -2.5198421478271484
     825 -4.4097237586975098  4.4097237586975098 -1.8898816108703613
     826 -3.7797632217407227  3.7797632217407227 -2.5198421478271484
     827 -3.1498026847839355  4.4097237586975098 -1.8898816108703613
     828 -2.5198421478271484  3.7797632217407227 -2.5198421478271484
     829 -1.8898816108703613  4.4097237586975098 -1.8898816108703613
     830 -1.2599210739135742  3.7797632217407227 -2.5198421478271484
     831 -0.6299605369567871  4.4097237586975098 -1.8898816108703613
     832  0.0000000000000000 -5.0396842956542969 -2.5198421478271484
     833  0.6299605369567871 -4.4097237586975098 -1.8898816108703613
     834  1.2599210739135742 -5.0396842956542969 -2.5198421478271484
     835  1.8898816108703613 -4.4097237586975098 -1.8898816108703613
     836  2.5198421478271484 -5.0396842956542969 -2.5198421478271484
     837  3.1498026847839355 -4.4097237586975098 -1.8898816108703613
     838  3.7797632217407227 -5.0396842956542969 -2.5198421478271484
     839  4.4097237586975098 -4.4097237586975098 -1.8898816108703613
     840 -5.0396842956542969 -5.0396842956542969 -2.5198421478271484
     841 -4.4097237586975098 -4.4097237586975098 -1.8898816108703613
     842 -3.7797632217407227 -5.0396842956542969 -2.5198421478271484
     843 -3.1498026847839355 -4.4097237586975098 -1.8898816108703613
     844 -2.5198421478271484 -5.0396842956542969 -2.5198421478271484
     845 -1.8898816108703613 -4.4097237586975098 -1.8898816108703613
     846 -1.2599210739135742 -5.0396842956542969 -2.5198421478271484
     847 -0.6299605369567871 -4.4097237586975098 -1.8898816108703613
     848  0.0000000000000000 -3.7797632217407227 -2.5198421478271484
     849  0.6299605369567871 -3.1498026847839355 -1.8898816108703613
     850  1.2599210739135742 -3.7797632217407227 -2.5198421478271484
     851  1.8898816108703613 -3.1498026847839355 -1.8898816108703613
     852  2.5198421478271484 -3.7797632217407227 -2.5198421478271484
     853  3.1498026847839355 -3.1498026847839355 -1.8898816108703613
     854  3.7797632217407227 -3.7797632217407227 -2.5198421478271484
     855  4.4097237586975098 -3.1498026847839355 -1.8898816108703613
     856 -5.0396842956542969 -3.7797632217407227 -2.5198421478271484
     857 -4.4097237586975098 -3.1498026847839355 -1.8898816108703613
     858 -3.7797632217407227 -3.7797632217407227 -2.5198421478271484
     859 -3.1498026847839355 -3.1498026847839355 -1.8898816108703613
     860 -2.5198421478271484 -3.7797632217407227 -2.5198421478271484
     861 -1.8898816108703613 -3.1498026847839355 -1.8898816108703613
     862 -1.2599210739135742 -3.7797632217407227 -2.5198421478271484
     863 -0.6299605369567871 -3.1498026847839355 -1.8898816108703613
     864  0.0000000000000000 -2.5198421478271484 -2.5198421478271484
     865  0.6299605369567871 -1.8898816108703613 -1.8898816108703613
     866  1.2599210739135742 -2.5198421478271484 -2.5198421478271484
     867  1.8898816108703613 -1.8898816108703613 -1.8898816108703613
     868  2.5198421478271484 -2.5198421478271484 -2.5198421478271484
     869  3.1498026847839355 -1.8898816108703613 -1.8898816108703613
     870  3.7797632217407227 -2.5198421478271484 -2.5198421478271484
     871  4.4097237586975098 -1.8898816108703613 -1.8898816108703613
     872 -5.0396842956542969 -2.5198421478271484 -2.5198421478271484
     873 -4.4097237586975098 -1.8898816108703613 -1.8898816108703613
     874 -3.7797632217407227 -2.5198421478271484 -2.5198421478271484
     875 -3.1498026847839355 -1.8898816108703613 -1.8898816108703613
     876 -2.5198421478271484 -2.5198421478271484 -2.5198421478271484
     877 -1.8898816108703613 -1.8898816108703613 -1.8898816108703613
     878 -1.2599210739135742 -2.5198421478271484 -2.5198421478271484
     879 -0.6299605369567871 -1.8898816108703613 -1.8898816108703613
     880  0.0000000000000000 -1.2599210739135742 -2.5198421478271484
     881  0.6299605369567871 -0.6299605369567871 -1.8898816108703613
     882  1.2599210739135742 -1.2599210739135742 -2.5198421478271484
     883  1.8898816108703613 -0.6299605369567871 -1.8898816108703613
     884  2.5198421478271484 -1.2599210739135742 -2.5198421478271484
     885  3.1498026847839355 -0.6299605369567871 -1.8898816108703613
     886  3.7797632217407227 -1.2599210739135742 -2.5198421478271484
     887  4.4097237586975098 -0.6299605369567871 -1.8898816108703613
     888 -5.0396842956542969 -1.2599210739135742 -2.5198421478271484
     889 -4.4097237586975098 -0.6299605369567871 -1.8898816108703613
     890 -3.7797632217407227 -1.2599210739135742 -2.5198421478271484
     891 -3.1498026847839355 -0.6299605369567871 -1.8898816108703613
     892 -2.5198421478271484 -1.2599210739135742 -2.5198421478271484
     893 -1.8898816108703613 -0.6299605369567871 -1.8898816108703613
     894 -1.2599210739135742 -1.2599210739135742 -2.5198421478271484
     895 -0.6299605369567871 -0.6299605369567871 -1.8898816108703613
     896  0.0000000000000000  0.0000000000000000 -1.2599210739135742
     897  0.6299605369567871  0.6299605369567871 -0.6299605369567871
     898  1.2599210739135742  0.0000000000000000 -1.2599210739135742
     899  1.8898816108703613  0.6299605369567871 -0.6299605369567871
     900  2.5198421478271484  0.0000000000000000 -1.2599210739135742
     901  3.1498026847839355  0.6299605369567871 -0.6299605369567871
     902  3.7797632217407227  0.0000000000000000 -1.2599210739135742
     903  4.4097237586975098  0.6299605369567871 -0.6299605369567871
     904 -5.0396842956542969  0.0000000000000000 -1.2599210739135742
     905 -4.4097237586975098  0.6299605369567871 -0.6299605369567871
     906 -3.7797632217407227  0.0000000000000000 -1.2599210739135742
     907 -3.1498026847839355  0.6299605369567871 -0.6299605369567871
     908 -2.5198421478271484  0.0000000000000000 -1.2599210739135742
     909 -1.8898816108703613  0.6299605369567871 -0.6299605369567871
     910 -1.2599210739135742  0.0000000000000000 -1.2599210739135742
     911 -0.6299605369567871  0.6299605369567871 -0.6299605369567871
     912  0.0000000000000000  1.2599210739135742 -1.2599210739135742
     913  0.6299605369567871  1.8898816108703613 -0.6299605369567871
     914  1.2599210739135742  1.2599210739135742 -1.2599210739135742
     915  1.8898816108703613  1.8898816108703613 -0.6299605369567871
     916  2.5198421478271484  1.2599210739135742 -1.2599210739135742
     917  3.1498026847839355  1.8898816108703613 -0.6299605369567871
     918  3.7797632217407227  1.2599210739135742 -1.2599210739135742
     919  4.4097237586975098  1.8898816108703613 -0.6299605369567871
     920 -5.0396842956542969  1.2599210739135742 -1.2599210739135742
     921 -4.4097237586975098  1.8898816108703613 -0.6299605369567871
     922 -3.7797632217407227  1.2599210739135742 -1.2599210739135742
     923 -3.1498026847839355  1.8898816108703613 -0.6299605369567871
     924 -2.5198421478271484  1.2599210739135742 -1.2599210739135742
     925 -1.8898816108703613  1.8898816108703613 -0.6299605369567871
     926 -1.2599210739135742  1.2599210739135742 -1.2599210739135742
     927 -0.6299605369567871  1.8898816108703613 -0.6299605369567871
     928  0.0000000000000000  2.5198421478271484 -1.2599210739135742
     929  0.6299605369567871  3.1498026847839355 -0.6299605369567871
     930  1.2599210739135742  2.5198421478271484 -1.2599210739135742
     931  1.8898816108703613  3.1498026847839355 -0.6299605369567871
     932  2.5198421478271484  2.5198421478271484 -1.2599210739135742
     933  3.1498026847839355  3.1498026847839355 -0.6299605369567871
     934  3.7797632217407227  2.5198421478271484 -1.2599210739135742
     935  4.4097237586975098  3.1498026847839355 -0.6299605369567871
     936 -5.0396842956542969  2.5198421478271484 -1.2599210739135742
     937 -4.4097237586975098  3.1498026847839355 -0.6299605369567871
     938 -3.7797632217407227  2.5198421478271484 -1.2599210739135742
     939 -3.1498026847839355  3.1498026847839355 -0.6299605369567871
     940 -2.5198421478271484  2.5198421478271484 -1.2599210739135742
     941 -1.8898816108703613  3.1498026847839355 -0.6299605369567871
     942 -1.2599210739135742  2.5198421478271484 -1.2599210739135742
     943 -0.6299605369567871  3.1498026847839355 -0.6299605369567871
     944  0.0000000000000000  3.7797632217407227 -1.2599210739135742
     945  0.6299605369567871  4.4097237586975098 -0.6299605369567871
     946  1.2599210739135742  3.7797632217407227 -1.2599210739135742
     947  1.8898816108703613  4.4097237586975098 -0.6299605369567871
     948  2.5198421478271484  3.7797632217407227 -1.2599210739135742
     949  3.1498026847839355  4.4097237586975098 -0.6299605369567871
     950  3.7797632217407227  3.7797632217407227 -1.2599210739135742
     951  4.4097237586975098  4.4097237586975098 -0.6299605369567871
     952 -5.0396842956542969  3.7797632217407227 -1.2599210739135742
     953 -4.4097237586975098  4.4097237586975098 -0.6299605369567871
     954 -3.7797632217407227  3.7797632217407227 -1.2599210739135742
     955 -3.1498026847839355  4.4097237586975098 -0.6299605369567871
     956 -2.5198421478271484  3.7797632217407227 -1.2599210739135742
     957 -1.8898816108703613  4.4097237586975098 -0.6299605369567871
     958 -1.2599210739135742  3.7797632217407227 -1.2599210739135742
     959 -0.6299605369567871  4.4097237586975098 -0.6299605369567871
     960  0.0000000000000000 -5.0396842956542969 -1.2599210739135742
     961  0.6299605369567871 -4.4097237586975098 -0.6299605369567871
     962  1.2599210739135742 -5.0396842956542969 -1.2599210739135742
     963  1.8898816108703613 -4.4097237586975098 -0.6299605369567871
     964  2.5198421478271484 -5.0396842956542969 -1.2599210739135742
     965  3.1498026847839355 -4.4097237586975098 -0.6299605369567871
     966  3.7797632217407227 -5.0396842956542969 -1.2599210739135742
     967  4.4097237586975098 -4.4097237586975098 -0.6299605369567871
     968 -5.0396842956542969 -5.0396842956542969 -1.2599210739135742
     969 -4.4097237586975098 -4.4097237586975098 -0.6299605369567871
     970 -3.7797632217407227 -5.0396842956542969 -1.2599210739135742
     971 -3.1498026847839355 -4.4097237586975098 -0.6299605369567871
     972 -2.5198421478271484 -5.0396842956542969 -1.2599210739135742
     973 -1.8898816108703613 -4.4097237586975098 -0.6299605369567871
     974 -1.2599210739135742 -5.0396842956542969 -1.2599210739135742
     975 -0.6299605369567871 -4.4097237586975098 -0.6299605369567871
     976  0.0000000000000000 -3.7797632217407227 -1.2599210739135742
     977  0.6299605369567871 -3.1498026847839355 -0.6299605369567871
     978  1.2599210739135742 -3.7797632217407227 -1.2599210739135742
     979  1.8898816108703613 -3.1498026847839355 -0.6299605369567871
     980  2.5198421478271484 -3.7797632217407227 -1.2599210739135742
     981  3.1498026847839355 -3.1498026847839355 -0.6299605369567871
     982  3.7797632217407227 -3.7797632217407227 -1.2599210739135742
     983  4.4097237586975098 -3.1498026847839355 -0.6299605369567871
     984 -5.0396842956542969 -3.7797632217407227 -1.2599210739135742
     985 -4.4097237586975098 -3.1498026847839355 -0.6299605369567871
     986 -3.7797632217407227 -3.7797632217407227 -1.2599210739135742
     987 -3.1498026847839355 -3.1498026847839355 -0.6299605369567871
     988 -2.5198421478271484 -3.7797632217407227 -1.2599210739135742
     989 -1.8898816108703613 -3.1498026847839355 -0.6299605369567871
     990 -1.2599210739135742 -3.7797632217407227 -1.2599210739135742
     991 -0.6299605369567871 -3.1498026847839355 -0.6299605369567871
     992  0.0000000000000000 -2.5198421478271484 -1.2599210739135742
     993  0.6299605369567871 -1.8898816108703613 -0.6299605369567871
     994  1.2599210739135742 -2.5198421478271484 -1.2599210739135742
     995  1.8898816108703613 -1.8898816108703613 -0.6299605369567871
     996  2.5198421478271484 -2.5198421478271484 -1.2599210739135742
     997  3.1498026847839355 -1.8898816108703613 -0.6299605369567871
     998  3.7797632217407227 -2.5198421478271484 -1.2599210739135742
     999  4.4097237586975098 -1.8898816108703613 -0.6299605369567871
    1000 -5.0396842956542969 -2.5198421478271484 -1.2599210739135742
    1001 -4.4097237586975098 -1.8898816108703613 -0.6299605369567871
    1002 -3.7797632217407227 -2.5198421478271484 -1.2599210739135742
    1003 -3.1498026847839355 -1.8898816108703613 -0.6299605369567871
    1004 -2.5198421478271484 -2.5198421478271484 -1.2599210739135742
    1005 -1.8898816108703613 -1.8898816108703613 -0.6299605369567871
    1006 -1.2599210739135742 -2.5198421478271484 -1.2599210739135742
    1007 -0.6299605369567871 -1.8898816108703613 -0.6299605369567871
    1008  0.0000000000000000 -1.2599210739135742 -1.2599210739135742
    1009  0.6299605369567871 -0.6299605369567871 -0.6299605369567871
    1010  1.2599210739135742 -1.2599210739135742 -1.2599210739135742
    1011  1.8898816108703613 -0.6299605369567871 -0.6299605369567871
    1012  2.5198421478271484 -1.2599210739135742 -1.2599210739135742
    1013  3.1498026847839355 -0.6299605369567871 -0.6299605369567871
    1014  3.7797632217407227 -1.2599210739135742 -1.2599210739135742
    1015  4.4097237586975098 -0.6299605369567871 -0.6299605369567871
    1016 -5.0396842956542969 -1.2599210739135742 -1.2599210739135742
    1017 -4.4097237586975098 -0.6299605369567871 -0.6299605369567871
    1018 -3.7797632217407227 -1.2599210739135742 -1.2599210739135742
    1019 -3.1498026847839355 -0.6299605369567871 -0.6299605369567871
    1020 -2.5198421478271484 -1.2599210739135742 -1.2599210739135742
    1021 -1.8898816108703613 -0.6299605369567871 -0.6299605369567871
    1022 -1.2599210739135742 -1.2599210739135742 -1.2599210739135742
    1023 -0.6299605369567871 -0.6299605369567871 -0.6299605369567871
